Апокалипсис;Крейсер ;МК4;34;
3;1120;176750;3707;6900;560;320;20;150;270;0;1;1,36;1;1;1;1,36;1;0,85;1;1;1;1,15;1;1;1;1
5;2;2;1;4;

;0;0;0;
0;0;0;0;0;0;0;0;0;0;0;0;0;0;0;0;0;0;;
Ревербер. Луч;3;1;42;
3893;512;3500;3000;0;22;0;0;1;1;1;1;0;0;0;3;0;0;0;
Ревербер. Луч;3;1;42;
3893;512;3500;3000;0;22;0;0;1;1;1;1;0;0;0;3;0;0;0;
Ревербер. Луч;3;1;42;
3893;512;3500;3000;0;22;0;0;1;1;1;1;0;0;0;3;0;0;0;
Ревербер. Луч;3;1;42;
3893;512;3500;3000;0;22;0;0;1;1;1;1;0;0;0;3;0;0;0;

;0;0;
0;0;0;0;0;0;0;;
;0;0;
0;0;0;0;0;0;0;;
;0;0;
0;0;0;0;0;0;0;;
;0;0;
0;0;0;0;0;0;0;;
;0;0;
0;0;0;0;0;0;0;;
;0;0;
0;0;0;0;0;0;0;;

;0;0;
0;0;0;0;0;0;0;0;0;0;0;0;0;0;0;0;0;0;0;0;0;0;0;0;0;0;0;;
Плазменные двигатели;3;18;
0;0;0;0,1;0;80;8;0;0;1;1;0,67;1;0;1;0;0;1;1;1;1;1;1;0;0;0;0;0;
Фокус оптика;5;42;
0;0;0,4;0;1;0;0;0;0;1;1;1;1;0;1;0;1250;1;1;1;1;1;1;0;0;0;0;0;

;0;0;
0;0;0;0;0;0;0;0;0;0;0;0;;
Метафазный щит;3;18;
11895;1152;2880;0,5;0,5;0,5;0,9;0,9;0,9;0;0;0;0;
Метафазный щит;3;18;
11895;1152;2880;0,5;0,5;0,5;0,9;0,9;0,9;0;0;0;0;

;0;0;
0;0;0;0;0;0;;
;0;0;
0;0;0;0;0;0;;
