Дженезис;Крейсер ;Без;1;
1;120;22000;490;750;60;320;20;150;270;0;1;1;1;1;1;1;1;1;1;1;1;1;1;1;1;1
2;1;2;0;2;

Нет;0;0;0;
0;0;1;10001;0;0;0;0;1;1;1;1;0;0;0;300;0;0;0;
Импульсная пушка;3;1;3;
738;40;3000;2750;0;8;0;0;1;1;1;1;0;0;0;1;0;0;0;
Нет;0;0;0;
0;0;1;10001;0;0;0;0;1;1;1;1;0;0;0;300;0;0;0;

Нет;0;0;
0;0;0;0;0;0;0;0;
Пасталь;1;1;
13;10;25;0;0;0;0;0;
Нет;0;0;
0;0;0;0;0;0;0;0;

Нет;0;0;
0;0;0;0;0;0;0;0;0;1;1;1;1;0;1;0;0;1;1;1;1;1;1;0;0;0;0;0;
Ротационные двигатели;3;3;
0;0;0;0,03;0;0;6;0;0;0,85;1;1;1;0;1;0;0;1;1;1;1;1;1;0;0;0;0;0;
Фокус оптика;4;41;
0;0;0,32;0;1;0;0;0;0;1;1;1;1;0;1;0;1000;1;1;1;1;1;1;0;0;0;0;0;

Нет;0;0;
0;0;0;1;1;1;1;1;1;0;0;0;0;
Спектральный щит;1;1;
185;20;60;0,5;1;1;0,9;0,9;0,9;0;0;0;0;

Нет;0;0;
0;0;1;1;1;0;0;
