Непримиримый;Линкор ;МК5;125;
6;2025;351600;4389;12000;600;280;8;60;240;0;1;1;1;1,5;1;1;1;1;0,8;1;1;1,3;1;0,8;1;1,25
3;1;2;1;6;

;0;0;0;
0;0;0;0;0;0;0;0;0;0;0;0;0;0;0;0;0;0;;
;0;0;0;
0;0;0;0;0;0;0;0;0;0;0;0;0;0;0;0;0;0;;
;0;0;0;
0;0;0;0;0;0;0;0;0;0;0;0;0;0;0;0;0;0;;
;0;0;0;
0;0;0;0;0;0;0;0;0;0;0;0;0;0;0;0;0;0;;
;0;0;0;
0;0;0;0;0;0;0;0;0;0;0;0;0;0;0;0;0;0;;
;0;0;0;
0;0;0;0;0;0;0;0;0;0;0;0;0;0;0;0;0;0;;
;0;0;0;
0;0;0;0;0;0;0;0;0;0;0;0;0;0;0;0;0;0;;

;0;0;
0;0;0;0;0;0;0;;
Схватка;3;23;
7991;480;1660;457;1;457;6;0;
Схватка;3;23;
7991;480;1660;457;1;457;6;0;
Схватка;3;23;
7991;480;1660;457;1;457;6;0;

;0;0;
0;0;0;0;0;0;0;0;0;0;0;0;0;0;0;0;0;0;0;0;0;0;0;0;0;0;0;;
Плазменные двигатели;3;18;
0;0;0;0,1;0;80;8;0;0;1;1;0,67;1;0;1;0;0;1;1;1;1;1;1;0;0;0;0;0;
Фокус оптика;5;42;
0;0;0,4;0;1;0;0;0;0;1;1;1;1;0;1;0;1250;1;1;1;1;1;1;0;0;0;0;0;

;0;0;
0;0;0;0;0;0;0;0;0;0;0;0;;
Метафазный щит;3;18;
11895;1152;2880;0,5;0,5;0,5;0,9;0,9;0,9;0;0;0;0;

;0;0;
0;0;0;0;0;0;;
Энергопоглощение;3;3;
5080;0,06;0,7;1;1;0;0;
