
5;37205,6608;0;
1
Непримиримый;Линкор ;МК5;125;
6;2025;351600;4389;12000;600;280;8;60;240;0;1;1;1;1,5;1;1;1;1;0,8;1;1;1,3;1;0,8;1;1,25
3;1;2;1;6;

Нет;0;0;0;
0;0;1;10001;0;0;0;0;1;1;1;1;0;0;0;300;0;0;0;
Эхо-пушка;3;1;18;
5728;712;3500;3500;0;31;0;0;1;1;1;1;0;0;0;3;1,5;0;0;
Эхо-пушка;3;1;18;
5728;712;3500;3500;0;31;0;0;1;1;1;1;0;0;0;3;1,5;0;0;
Эхо-пушка;3;1;18;
5728;712;3500;3500;0;31;0;0;1;1;1;1;0;0;0;3;1,5;0;0;
Эхо-пушка;2;1;17;
3411;356;3500;3500;0;18;0;0;1;1;1;1;0;0;0;3;1,5;0;0;
Эхо-пушка;1;1;16;
2112;178;3500;3500;0;11;0;0;1;1;1;1;0;0;0;3;1,5;0;0;
Эхо-пушка;1;1;16;
2112;178;3500;3500;0;11;0;0;1;1;1;1;0;0;0;3;1,5;0;0;

Нет;0;0;
0;0;0;0;0;0;0;0;
Схватка;3;23;
7991;480;1660;457;1;457;6;0;
Схватка;3;23;
7991;480;1660;457;1;457;6;0;
Схватка;3;23;
7991;480;1660;457;1;457;6;0;

Нет;0;0;
0;0;0;0;0;0;0;0;0;1;1;1;1;0;1;0;0;1;1;1;1;1;1;0;0;0;0;0;
Плазменные двигатели;3;18;
0;0;0;0,1;0;80;8;0;0;1;1;0,67;1;0;1;0;0;1;1;1;1;1;1;0;0;0;0;0;
Фокус оптика;5;42;
0;0;0,4;0;1;0;0;0;0;1;1;1;1;0;1;0;1250;1;1;1;1;1;1;0;0;0;0;0;

Нет;0;0;
0;0;0;1;1;1;1;1;1;0;0;0;0;
Метафазный щит;3;18;
11895;1152;2880;0,5;0,5;0,5;0,9;0,9;0,9;0;0;0;0;

Нет;0;0;
0;0;1;1;1;0;0;
Энергопоглощение;3;3;
5080;0,06;0,7;1;1;0;0;

3
Непримиримый;Линкор ;МК5;125;
6;2025;351600;4389;12000;600;280;8;60;240;0;1;1;1;1,5;1;1;1;1;0,8;1;1;1,3;1;0,8;1;1,25
3;1;2;1;6;

Нет;0;0;0;
0;0;1;10001;0;0;0;0;1;1;1;1;0;0;0;300;0;0;0;
Эхо-пушка;3;1;18;
5728;712;3500;3500;0;31;0;0;1;1;1;1;0;0;0;3;1,5;0;0;
Эхо-пушка;3;1;18;
5728;712;3500;3500;0;31;0;0;1;1;1;1;0;0;0;3;1,5;0;0;
Эхо-пушка;3;1;18;
5728;712;3500;3500;0;31;0;0;1;1;1;1;0;0;0;3;1,5;0;0;
Эхо-пушка;2;1;17;
3411;356;3500;3500;0;18;0;0;1;1;1;1;0;0;0;3;1,5;0;0;
Эхо-пушка;1;1;16;
2112;178;3500;3500;0;11;0;0;1;1;1;1;0;0;0;3;1,5;0;0;
Эхо-пушка;1;1;16;
2112;178;3500;3500;0;11;0;0;1;1;1;1;0;0;0;3;1,5;0;0;

Нет;0;0;
0;0;0;0;0;0;0;0;
Схватка;3;23;
7991;480;1660;457;1;457;6;0;
Схватка;3;23;
7991;480;1660;457;1;457;6;0;
Схватка;3;23;
7991;480;1660;457;1;457;6;0;

Нет;0;0;
0;0;0;0;0;0;0;0;0;1;1;1;1;0;1;0;0;1;1;1;1;1;1;0;0;0;0;0;
Плазменные двигатели;3;18;
0;0;0;0,1;0;80;8;0;0;1;1;0,67;1;0;1;0;0;1;1;1;1;1;1;0;0;0;0;0;
Фокус оптика;5;42;
0;0;0,4;0;1;0;0;0;0;1;1;1;1;0;1;0;1250;1;1;1;1;1;1;0;0;0;0;0;

Нет;0;0;
0;0;0;1;1;1;1;1;1;0;0;0;0;
Метафазный щит;3;18;
11895;1152;2880;0,5;0,5;0,5;0,9;0,9;0,9;0;0;0;0;

Нет;0;0;
0;0;1;1;1;0;0;
Энергопоглощение;3;3;
5080;0,06;0,7;1;1;0;0;

4
Непримиримый;Линкор ;МК5;125;
6;2025;351600;4389;12000;600;280;8;60;240;0;1;1;1;1,5;1;1;1;1;0,8;1;1;1,3;1;0,8;1;1,25
3;1;2;1;6;

Нет;0;0;0;
0;0;1;10001;0;0;0;0;1;1;1;1;0;0;0;300;0;0;0;
Эхо-пушка;3;1;18;
5728;712;3500;3500;0;31;0;0;1;1;1;1;0;0;0;3;1,5;0;0;
Эхо-пушка;3;1;18;
5728;712;3500;3500;0;31;0;0;1;1;1;1;0;0;0;3;1,5;0;0;
Эхо-пушка;3;1;18;
5728;712;3500;3500;0;31;0;0;1;1;1;1;0;0;0;3;1,5;0;0;
Эхо-пушка;2;1;17;
3411;356;3500;3500;0;18;0;0;1;1;1;1;0;0;0;3;1,5;0;0;
Эхо-пушка;1;1;16;
2112;178;3500;3500;0;11;0;0;1;1;1;1;0;0;0;3;1,5;0;0;
Эхо-пушка;1;1;16;
2112;178;3500;3500;0;11;0;0;1;1;1;1;0;0;0;3;1,5;0;0;

Нет;0;0;
0;0;0;0;0;0;0;0;
Схватка;3;23;
7991;480;1660;457;1;457;6;0;
Схватка;3;23;
7991;480;1660;457;1;457;6;0;
Схватка;3;23;
7991;480;1660;457;1;457;6;0;

Нет;0;0;
0;0;0;0;0;0;0;0;0;1;1;1;1;0;1;0;0;1;1;1;1;1;1;0;0;0;0;0;
Плазменные двигатели;3;18;
0;0;0;0,1;0;80;8;0;0;1;1;0,67;1;0;1;0;0;1;1;1;1;1;1;0;0;0;0;0;
Фокус оптика;5;42;
0;0;0,4;0;1;0;0;0;0;1;1;1;1;0;1;0;1250;1;1;1;1;1;1;0;0;0;0;0;

Нет;0;0;
0;0;0;1;1;1;1;1;1;0;0;0;0;
Метафазный щит;3;18;
11895;1152;2880;0,5;0,5;0,5;0,9;0,9;0,9;0;0;0;0;

Нет;0;0;
0;0;1;1;1;0;0;
Энергопоглощение;3;3;
5080;0,06;0,7;1;1;0;0;

5
Непримиримый;Линкор ;МК5;125;
6;2025;351600;4389;12000;600;280;8;60;240;0;1;1;1;1,5;1;1;1;1;0,8;1;1;1,3;1;0,8;1;1,25
3;1;2;1;6;

Нет;0;0;0;
0;0;1;10001;0;0;0;0;1;1;1;1;0;0;0;300;0;0;0;
Эхо-пушка;3;1;18;
5728;712;3500;3500;0;31;0;0;1;1;1;1;0;0;0;3;1,5;0;0;
Эхо-пушка;3;1;18;
5728;712;3500;3500;0;31;0;0;1;1;1;1;0;0;0;3;1,5;0;0;
Эхо-пушка;3;1;18;
5728;712;3500;3500;0;31;0;0;1;1;1;1;0;0;0;3;1,5;0;0;
Эхо-пушка;2;1;17;
3411;356;3500;3500;0;18;0;0;1;1;1;1;0;0;0;3;1,5;0;0;
Эхо-пушка;1;1;16;
2112;178;3500;3500;0;11;0;0;1;1;1;1;0;0;0;3;1,5;0;0;
Эхо-пушка;1;1;16;
2112;178;3500;3500;0;11;0;0;1;1;1;1;0;0;0;3;1,5;0;0;

Нет;0;0;
0;0;0;0;0;0;0;0;
Схватка;3;23;
7991;480;1660;457;1;457;6;0;
Схватка;3;23;
7991;480;1660;457;1;457;6;0;
Схватка;3;23;
7991;480;1660;457;1;457;6;0;

Нет;0;0;
0;0;0;0;0;0;0;0;0;1;1;1;1;0;1;0;0;1;1;1;1;1;1;0;0;0;0;0;
Плазменные двигатели;3;18;
0;0;0;0,1;0;80;8;0;0;1;1;0,67;1;0;1;0;0;1;1;1;1;1;1;0;0;0;0;0;
Фокус оптика;5;42;
0;0;0,4;0;1;0;0;0;0;1;1;1;1;0;1;0;1250;1;1;1;1;1;1;0;0;0;0;0;

Нет;0;0;
0;0;0;1;1;1;1;1;1;0;0;0;0;
Метафазный щит;3;18;
11895;1152;2880;0,5;0,5;0,5;0,9;0,9;0,9;0;0;0;0;

Нет;0;0;
0;0;1;1;1;0;0;
Энергопоглощение;3;3;
5080;0,06;0,7;1;1;0;0;

6
Непримиримый;Линкор ;МК5;125;
6;2025;351600;4389;12000;600;280;8;60;240;0;1;1;1;1,5;1;1;1;1;0,8;1;1;1,3;1;0,8;1;1,25
3;1;2;1;6;

Нет;0;0;0;
0;0;1;10001;0;0;0;0;1;1;1;1;0;0;0;300;0;0;0;
Эхо-пушка;3;1;18;
5728;712;3500;3500;0;31;0;0;1;1;1;1;0;0;0;3;1,5;0;0;
Эхо-пушка;3;1;18;
5728;712;3500;3500;0;31;0;0;1;1;1;1;0;0;0;3;1,5;0;0;
Эхо-пушка;3;1;18;
5728;712;3500;3500;0;31;0;0;1;1;1;1;0;0;0;3;1,5;0;0;
Эхо-пушка;2;1;17;
3411;356;3500;3500;0;18;0;0;1;1;1;1;0;0;0;3;1,5;0;0;
Эхо-пушка;1;1;16;
2112;178;3500;3500;0;11;0;0;1;1;1;1;0;0;0;3;1,5;0;0;
Эхо-пушка;1;1;16;
2112;178;3500;3500;0;11;0;0;1;1;1;1;0;0;0;3;1,5;0;0;

Нет;0;0;
0;0;0;0;0;0;0;0;
Схватка;3;23;
7991;480;1660;457;1;457;6;0;
Схватка;3;23;
7991;480;1660;457;1;457;6;0;
Схватка;3;23;
7991;480;1660;457;1;457;6;0;

Нет;0;0;
0;0;0;0;0;0;0;0;0;1;1;1;1;0;1;0;0;1;1;1;1;1;1;0;0;0;0;0;
Плазменные двигатели;3;18;
0;0;0;0,1;0;80;8;0;0;1;1;0,67;1;0;1;0;0;1;1;1;1;1;1;0;0;0;0;0;
Фокус оптика;5;42;
0;0;0,4;0;1;0;0;0;0;1;1;1;1;0;1;0;1250;1;1;1;1;1;1;0;0;0;0;0;

Нет;0;0;
0;0;0;1;1;1;1;1;1;0;0;0;0;
Метафазный щит;3;18;
11895;1152;2880;0,5;0,5;0,5;0,9;0,9;0,9;0;0;0;0;

Нет;0;0;
0;0;1;1;1;0;0;
Энергопоглощение;3;3;
5080;0,06;0,7;1;1;0;0;

